b 247 242 15
b 247 243 12
b 247 244 12
b 247 245 12
b 247 246 12
b 248 242 15
b 248 243 12
b 248 244 2
f 248 244 5
b 248 245 2
f 248 245 5
b 248 246 12
b 248 247 1
b 248 248 1
b 248 249 1
b 248 250 1
b 248 251 1
b 249 242 15
b 249 243 12
b 249 244 2
f 249 244 5
b 249 245 2
f 249 245 5
b 249 246 12
b 249 247 1
b 249 249 1
b 249 251 1
b 250 242 15
b 250 243 12
b 250 244 2
f 250 244 5
b 250 245 2
f 250 245 5
b 250 246 12
b 250 247 1
b 250 249 1
b 250 251 1
b 251 242 15
b 251 243 12
b 251 244 2
f 251 244 5
b 251 245 2
f 251 245 5
b 251 246 12
b 252 242 15
b 252 243 12
b 252 244 2
f 252 244 5
b 252 245 2
b 252 246 12
b 252 247 1
b 252 248 1
b 252 249 1
b 252 250 1
b 252 251 1
b 253 242 15
b 253 243 12
b 253 244 2
f 253 244 5
b 253 245 2
b 253 246 12
b 253 250 1
b 254 242 15
b 254 243 12
b 254 244 2
b 254 245 2
b 254 246 12
b 254 249 1
b 255 242 15
b 255 243 12
b 255 244 2
b 255 245 2
b 255 246 12
b 255 248 1
b 256 242 15
b 256 243 12
b 256 244 2
b 256 245 2
b 256 246 12
b 256 247 1
b 256 248 1
b 256 249 1
b 256 250 1
b 256 251 1
b 257 242 15
b 257 243 12
b 257 244 2
b 257 245 2
b 257 246 12
b 258 242 15
b 258 243 12
b 258 244 2
b 258 245 2
b 258 246 12
b 258 247 1
b 258 248 1
b 258 249 1
b 258 250 1
b 258 251 1
b 259 242 15
b 259 243 12
b 259 244 2
b 259 245 2
b 259 246 12
b 259 247 1
b 259 251 1
b 260 242 15
b 260 243 12
b 260 244 2
b 260 245 2
b 260 246 12
b 260 247 1
b 260 251 1
b 261 242 15
b 261 243 12
b 261 244 2
b 261 245 2
b 261 246 12
b 261 248 1
b 261 249 1
b 261 250 1
b 262 242 15
b 262 243 12
b 262 244 12
b 262 245 12
b 262 246 12
