b 251 243 0
b 251 244 0
b 251 245 0
b 251 246 0
b 252 243 0
b 252 244 0
b 252 245 0
b 252 246 0
b 252 247 1
b 252 248 1
b 252 249 1
b 252 250 1
b 252 251 1
b 253 243 0
b 253 244 0
b 253 245 0
b 253 246 0
b 253 247 1
b 253 249 1
b 253 251 1
b 254 243 0
b 254 244 0
b 254 245 0
b 254 246 0
b 254 247 1
b 254 249 1
b 254 251 1
b 255 243 0
b 255 244 0
b 255 245 0
b 255 246 0
b 256 246 0
b 256 247 1
b 256 248 1
b 256 249 1
b 256 250 1
b 256 251 1
b 257 246 0
b 257 250 1
b 258 246 0
b 258 249 1
b 259 246 0
b 259 248 1
b 260 245 0
b 260 246 0
b 260 247 1
b 260 248 1
b 260 249 1
b 260 250 1
b 260 251 1
b 261 245 0
b 261 246 0
b 262 245 0
b 262 246 0
b 262 247 1
b 262 248 1
b 262 249 1
b 262 250 1
b 262 251 1
b 263 245 0
b 263 246 0
b 263 247 1
b 263 251 1
b 264 245 0
b 264 246 0
b 264 247 1
b 264 251 1
b 265 245 0
b 265 246 0
b 265 248 1
b 265 249 1
b 265 250 1
b 266 245 0
b 266 246 0
