f 24 51 35
f 24 52 35
f 24 53 35
f 24 54 35
f 24 55 35
f 24 56 35
f 24 57 35
f 24 58 35
f 24 59 35
f 25 50 32
b 25 51 20
b 25 52 20
b 25 53 20
b 25 54 20
b 25 55 20
b 25 56 20
b 25 57 20
b 25 58 20
b 25 59 20
f 25 60 30
f 26 49 32
b 26 50 20
b 26 51 20
b 26 52 25
f 26 52 31
b 26 53 25
f 26 53 36
b 26 54 25
f 26 54 36
b 26 55 25
f 26 55 36
b 26 56 25
f 26 56 36
b 26 57 25
f 26 57 36
b 26 58 25
f 26 58 33
b 26 59 20
b 26 60 20
f 26 61 30
f 27 48 32
b 27 49 20
b 27 50 20
b 27 51 20
b 27 52 25
f 27 52 34
b 27 53 25
f 27 53 26
b 27 54 25
f 27 54 27
b 27 55 25
f 27 55 27
b 27 56 25
f 27 56 28
b 27 57 25
b 27 58 25
b 27 59 25
f 27 59 33
b 27 60 20
b 27 61 20
f 27 62 30
f 28 47 32
b 28 48 20
b 28 49 20
b 28 50 20
b 28 51 20
b 28 52 25
f 28 52 34
b 28 53 25
b 28 54 25
f 28 54 26
b 28 55 25
f 28 55 27
b 28 56 25
f 28 56 27
b 28 57 25
f 28 57 28
b 28 58 25
b 28 59 25
f 28 59 29
b 28 60 20
b 28 61 20
b 28 62 20
f 28 63 34
f 29 46 29
b 29 47 20
b 29 48 20
b 29 49 20
b 29 50 20
b 29 51 25
f 29 51 31
b 29 52 25
b 29 53 25
b 29 54 25
b 29 55 25
f 29 55 26
b 29 56 25
f 29 56 27
b 29 57 25
f 29 57 27
b 29 58 25
f 29 58 28
b 29 59 25
b 29 60 25
f 29 60 33
b 29 61 20
b 29 62 20
f 29 63 30
f 30 46 29
b 30 47 20
b 30 48 20
b 30 49 20
b 30 50 25
f 30 50 31
b 30 51 25
b 30 52 25
b 30 53 25
b 30 54 25
b 30 55 25
b 30 56 25
f 30 56 26
b 30 57 25
f 30 57 27
b 30 58 25
f 30 58 27
b 30 59 25
f 30 59 28
b 30 60 25
b 30 61 25
f 30 61 36
b 30 62 25
f 30 62 33
b 30 63 20
f 30 64 34
f 31 46 29
b 31 47 20
b 31 48 20
b 31 49 25
f 31 49 31
b 31 50 25
b 31 51 25
b 31 52 25
b 31 53 25
b 31 54 25
b 31 55 25
b 31 56 25
b 31 57 25
b 31 58 25
b 31 59 25
b 31 60 0
b 31 61 25
f 31 61 8
b 31 62 25
f 31 62 29
b 31 63 20
f 31 64 34
f 32 46 29
b 32 47 20
b 32 48 20
b 32 49 25
f 32 49 34
b 32 50 0
b 32 51 25
b 32 52 25
b 32 53 25
b 32 54 25
b 32 55 25
b 32 56 25
b 32 57 25
b 32 58 25
b 32 59 25
b 32 60 0
b 32 61 25
f 32 61 11
b 32 62 25
f 32 62 29
b 32 63 20
f 32 64 34
f 33 46 29
b 33 47 20
b 33 48 20
b 33 49 25
f 33 49 30
b 33 50 25
b 33 51 25
b 33 52 25
b 33 53 25
b 33 54 25
b 33 55 25
b 33 56 25
b 33 57 25
b 33 58 25
b 33 59 25
b 33 60 0
b 33 61 25
f 33 61 8
b 33 62 25
f 33 62 29
b 33 63 20
f 33 64 34
f 34 46 29
b 34 47 20
b 34 48 20
b 34 49 20
b 34 50 25
f 34 50 30
b 34 51 25
b 34 52 25
b 34 53 25
b 34 54 25
b 34 55 25
b 34 56 25
f 34 56 26
b 34 57 25
f 34 57 27
b 34 58 25
f 34 58 27
b 34 59 25
f 34 59 28
b 34 60 25
b 34 61 25
f 34 61 35
b 34 62 25
f 34 62 32
b 34 63 20
f 34 64 34
f 35 46 29
b 35 47 20
b 35 48 20
b 35 49 20
b 35 50 20
b 35 51 25
f 35 51 30
b 35 52 25
b 35 53 25
b 35 54 25
b 35 55 25
f 35 55 26
b 35 56 25
f 35 56 27
b 35 57 25
f 35 57 27
b 35 58 25
f 35 58 28
b 35 59 25
b 35 60 25
f 35 60 32
b 35 61 20
b 35 62 20
f 35 63 31
f 36 47 33
b 36 48 20
b 36 49 20
b 36 50 20
b 36 51 20
b 36 52 25
f 36 52 34
b 36 53 25
b 36 54 25
f 36 54 26
b 36 55 25
f 36 55 27
b 36 56 25
f 36 56 27
b 36 57 25
f 36 57 28
b 36 58 25
b 36 59 25
f 36 59 29
b 36 60 20
b 36 61 20
b 36 62 20
f 36 63 34
f 37 48 33
b 37 49 20
b 37 50 20
b 37 51 20
b 37 52 25
f 37 52 34
b 37 53 25
f 37 53 26
b 37 54 25
f 37 54 27
b 37 55 25
f 37 55 27
b 37 56 25
f 37 56 28
b 37 57 25
b 37 58 25
b 37 59 25
f 37 59 32
b 37 60 20
b 37 61 20
b 37 62 20
f 37 62 31
f 38 49 33
b 38 50 20
b 38 51 20
b 38 52 25
f 38 52 30
b 38 53 25
f 38 53 35
b 38 54 25
f 38 54 35
b 38 55 25
f 38 55 35
b 38 56 25
f 38 56 35
b 38 57 25
f 38 57 35
b 38 58 25
f 38 58 32
b 38 59 20
b 38 60 20
b 38 61 20
f 38 61 31
f 39 50 33
b 39 51 20
b 39 52 20
b 39 53 20
b 39 54 20
b 39 55 20
b 39 56 20
b 39 57 20
b 39 58 20
b 39 59 20
f 39 60 31
f 40 51 36
f 40 52 36
f 40 53 36
f 40 54 36
f 40 55 36
f 40 56 36
f 40 57 36
f 40 58 36
f 40 59 36
