b 26 52 25
b 26 53 25
b 26 54 25
b 26 55 25
b 26 56 25
b 26 57 25
b 26 58 25
b 27 52 25
b 27 53 25
b 27 54 25
b 27 55 25
b 27 56 25
b 27 57 25
f 27 57 26
b 27 58 25
f 27 58 27
b 27 59 25
f 27 59 27
f 27 60 27
f 27 61 28
b 28 52 25
b 28 53 25
b 28 54 25
b 28 55 25
b 28 56 25
f 28 56 26
b 28 57 25
f 28 57 27
b 28 58 25
f 28 58 27
b 28 59 25
f 28 59 27
f 28 60 28
b 29 51 25
b 29 52 25
b 29 53 25
b 29 54 25
b 29 55 25
f 29 55 26
b 29 56 25
f 29 56 27
b 29 57 25
f 29 57 27
b 29 58 25
f 29 58 27
b 29 59 25
f 29 59 28
b 29 60 25
b 30 50 25
b 30 51 25
b 30 52 25
b 30 53 25
b 30 54 25
f 30 54 26
b 30 55 25
f 30 55 27
b 30 56 25
f 30 56 27
b 30 57 25
f 30 57 27
b 30 58 25
f 30 58 28
b 30 59 25
b 30 60 25
b 30 61 25
b 30 62 25
b 31 49 25
b 31 50 25
b 31 51 25
b 31 52 25
b 31 53 25
f 31 53 26
b 31 54 25
f 31 54 27
b 31 55 25
f 31 55 27
b 31 56 25
f 31 56 27
b 31 57 25
f 31 57 28
b 31 58 25
b 31 59 25
b 31 60 25
b 31 61 25
b 31 62 25
b 32 49 25
b 32 50 25
b 32 51 25
b 32 52 25
b 32 53 25
b 32 54 25
b 32 55 25
b 32 56 25
b 32 57 25
b 32 58 25
b 32 59 25
b 32 60 25
b 32 61 25
b 32 62 25
b 33 49 25
b 33 50 25
b 33 51 25
b 33 52 25
b 33 53 25
f 33 53 26
b 33 54 25
f 33 54 27
b 33 55 25
f 33 55 27
b 33 56 25
f 33 56 27
b 33 57 25
f 33 57 28
b 33 58 25
b 33 59 25
b 33 60 25
b 33 61 25
b 33 62 25
b 34 50 25
b 34 51 25
b 34 52 25
b 34 53 25
b 34 54 25
f 34 54 26
b 34 55 25
f 34 55 27
b 34 56 25
f 34 56 27
b 34 57 25
f 34 57 27
b 34 58 25
f 34 58 28
b 34 59 25
b 34 60 25
b 34 61 25
b 34 62 25
b 35 51 25
b 35 52 25
b 35 53 25
b 35 54 25
b 35 55 25
f 35 55 26
b 35 56 25
f 35 56 27
b 35 57 25
f 35 57 27
b 35 58 25
f 35 58 27
b 35 59 25
f 35 59 28
b 35 60 25
b 36 52 25
b 36 53 25
b 36 54 25
b 36 55 25
b 36 56 25
f 36 56 26
b 36 57 25
f 36 57 27
b 36 58 25
f 36 58 27
b 36 59 25
f 36 59 27
f 36 60 28
b 37 52 25
b 37 53 25
b 37 54 25
b 37 55 25
b 37 56 25
b 37 57 25
f 37 57 26
b 37 58 25
f 37 58 27
b 37 59 25
f 37 59 27
f 37 60 27
f 37 61 28
b 38 52 25
b 38 53 25
b 38 54 25
b 38 55 25
b 38 56 25
b 38 57 25
b 38 58 25
