b 246 240 4
b 247 240 4
b 247 242 0
b 247 243 0
b 247 244 0
b 247 245 0
b 247 246 0
b 247 247 0
b 247 248 2
b 247 249 3
b 248 240 4
b 248 242 0
b 248 243 0
b 248 244 0
b 248 245 0
b 248 246 0
b 248 247 0
b 248 248 2
b 248 249 3
b 249 240 4
b 249 242 0
b 249 243 0
b 249 244 0
b 249 245 0
b 249 246 0
b 249 247 0
b 249 248 2
b 249 249 3
b 250 240 4
b 250 242 0
b 250 243 0
b 250 244 0
b 250 245 0
b 250 246 0
b 250 247 0
b 250 248 2
b 250 249 3
b 251 240 4
b 251 242 0
b 251 243 0
b 251 244 0
b 251 245 0
b 251 246 0
b 251 247 0
b 251 248 2
b 251 249 3
b 252 240 4
b 252 242 0
b 252 243 0
b 252 244 0
b 252 245 0
b 252 246 0
b 252 247 0
b 252 248 2
b 252 249 3
b 253 240 4
b 253 242 0
b 253 243 0
b 253 244 0
b 253 245 0
b 253 246 0
b 253 247 0
b 253 248 2
b 253 249 3
b 254 240 4
b 254 241 4
b 254 242 0
b 254 243 0
b 254 244 0
b 254 245 0
b 254 246 0
b 254 247 0
b 254 248 2
b 254 249 3
b 255 240 4
b 255 241 4
b 255 242 0
b 255 243 0
b 255 244 0
b 255 245 0
b 255 246 0
b 255 247 0
b 255 248 2
b 255 249 3
b 256 240 4
b 256 241 4
b 256 242 0
b 256 243 0
b 256 244 0
b 256 245 0
b 256 246 0
b 256 247 0
b 256 248 2
b 256 249 3
b 257 240 4
