b 30 50 19
b 31 50 19
b 32 50 19
b 33 47 19
b 33 48 19
b 33 49 19
b 33 50 19
b 34 50 19
b 35 50 19
b 36 50 19
b 37 47 19
b 37 48 19
b 37 49 19
b 37 50 19
b 38 50 19
b 39 50 19
b 40 50 19
b 41 47 19
b 41 48 19
b 41 49 19
b 41 50 19
b 41 51 13
b 42 46 14
b 42 47 14
b 42 48 16
b 42 49 16
b 42 50 19
b 42 51 16
b 42 52 13
b 42 53 16
b 42 54 13
b 43 30 16
b 43 31 14
b 43 32 13
b 43 33 13
b 43 34 14
b 43 45 13
b 43 46 15
b 43 47 13
b 43 48 13
b 43 49 16
b 43 50 19
b 43 51 16
b 43 52 13
b 43 53 16
b 43 54 16
b 43 55 16
b 44 28 14
b 44 29 16
b 44 30 16
b 44 31 13
b 44 32 16
b 44 33 16
b 44 34 16
b 44 35 14
b 44 42 14
b 44 43 14
b 44 44 16
b 44 45 13
b 44 46 13
b 44 47 16
b 44 48 14
b 44 49 12
b 44 50 19
b 44 51 12
b 44 52 15
b 44 53 12
b 44 54 14
b 44 55 16
b 44 56 16
b 44 57 16
b 45 27 14
b 45 28 13
b 45 29 16
b 45 30 13
b 45 31 16
b 45 32 16
b 45 33 13
b 45 34 16
b 45 35 16
b 45 36 14
b 45 39 16
b 45 40 14
b 45 41 16
b 45 42 13
b 45 43 16
b 45 44 16
b 45 45 13
b 45 46 14
b 45 47 14
b 45 48 14
b 45 49 12
b 45 50 19
b 45 51 12
b 45 52 16
b 45 53 16
b 45 54 14
b 45 55 16
b 45 56 15
b 45 57 14
b 46 26 14
b 46 27 16
b 46 28 16
b 46 29 16
b 46 30 16
b 46 31 16
b 46 32 16
b 46 33 16
b 46 34 16
b 46 35 13
b 46 36 16
b 46 37 13
b 46 38 13
b 46 39 16
b 46 40 13
b 46 41 16
b 46 42 16
b 46 43 16
b 46 44 16
b 46 45 12
b 46 46 13
b 46 47 12
b 46 48 15
b 46 49 15
b 46 50 19
b 46 51 12
b 46 52 16
b 46 53 13
b 46 54 12
b 46 55 16
b 46 56 16
b 46 57 13
b 47 26 13
b 47 27 16
b 47 28 13
b 47 29 13
b 47 30 16
b 47 31 4
b 47 32 1
b 47 33 1
b 47 34 1
b 47 35 1
b 47 36 1
b 47 37 1
b 47 38 1
b 47 39 1
b 47 40 1
b 47 41 1
b 47 42 1
b 47 43 1
b 47 44 16
b 47 45 12
b 47 46 4
b 47 47 1
b 47 48 1
b 47 49 1
b 47 50 0
b 47 51 4
b 47 52 1
b 47 53 1
b 47 54 1
b 47 55 16
b 47 56 16
b 47 57 14
b 48 26 13
b 48 27 16
b 48 28 16
b 48 29 16
b 48 30 16
b 48 31 4
b 48 32 1
b 48 33 0
b 48 34 0
b 48 35 0
b 48 36 0
f 48 36 11
b 48 37 4
b 48 38 1
b 48 39 0
b 48 40 0
b 48 41 0
b 48 42 4
b 48 43 1
b 48 44 16
b 48 45 16
b 48 46 4
b 48 47 1
b 48 48 0
b 48 49 0
b 48 50 0
b 48 51 0
b 48 52 6
b 48 53 5
b 48 54 1
b 48 55 16
b 48 56 16
b 48 57 14
b 49 26 16
b 49 27 16
b 49 28 16
b 49 29 16
b 49 30 16
b 49 31 4
b 49 32 1
b 49 33 0
b 49 34 0
b 49 35 0
b 49 36 0
f 49 36 8
b 49 37 4
b 49 38 1
b 49 39 0
b 49 40 0
b 49 41 0
b 49 42 4
b 49 43 1
b 49 44 13
b 49 45 16
b 49 46 4
b 49 47 1
b 49 48 0
b 49 49 0
b 49 50 0
b 49 51 0
b 49 52 6
b 49 53 5
b 49 54 1
b 49 55 16
b 49 56 13
b 49 57 16
b 49 58 14
b 50 26 16
b 50 27 16
b 50 28 13
b 50 29 16
b 50 30 16
b 50 31 4
b 50 32 1
b 50 33 0
b 50 34 0
b 50 35 0
b 50 36 0
b 50 37 0
b 50 38 0
b 50 39 0
b 50 40 0
b 50 41 0
b 50 42 4
b 50 43 1
b 50 44 16
b 50 45 16
b 50 46 4
b 50 47 1
b 50 48 0
b 50 49 0
b 50 50 0
b 50 51 0
b 50 52 6
b 50 53 5
b 50 54 1
b 50 55 16
b 50 56 15
b 50 57 16
b 50 58 16
b 51 26 14
b 51 27 16
b 51 28 16
b 51 29 13
b 51 30 16
b 51 31 4
b 51 32 1
b 51 33 0
b 51 34 0
b 51 35 0
b 51 36 0
f 51 36 8
b 51 37 4
b 51 38 1
b 51 39 0
b 51 40 0
b 51 41 0
b 51 42 4
b 51 43 1
b 51 44 16
b 51 45 16
b 51 46 4
b 51 47 1
b 51 48 0
b 51 49 0
b 51 50 0
b 51 51 0
b 51 52 6
b 51 53 5
b 51 54 1
b 51 55 16
b 51 56 13
b 51 57 13
b 51 58 16
b 51 59 13
b 52 26 16
b 52 27 13
b 52 28 13
b 52 29 16
b 52 30 16
b 52 31 4
b 52 32 1
b 52 33 0
b 52 34 0
b 52 35 0
b 52 36 0
f 52 36 8
b 52 37 4
b 52 38 1
b 52 39 0
b 52 40 0
b 52 41 0
b 52 42 4
b 52 43 1
b 52 44 13
b 52 45 13
b 52 46 4
b 52 47 1
b 52 48 0
b 52 49 0
b 52 50 0
b 52 51 0
b 52 52 6
b 52 53 5
b 52 54 1
b 52 55 16
b 52 56 16
b 52 57 16
b 52 58 16
b 52 59 14
b 53 26 16
b 53 27 16
b 53 28 16
b 53 29 16
b 53 30 16
b 53 31 4
b 53 32 1
b 53 33 0
b 53 34 0
b 53 35 0
b 53 36 0
f 53 36 8
b 53 37 4
b 53 38 1
b 53 39 1
b 53 40 1
b 53 41 1
b 53 42 1
b 53 43 1
b 53 44 1
b 53 45 1
b 53 46 1
b 53 47 1
b 53 48 1
b 53 49 1
b 53 50 0
b 53 51 4
b 53 52 1
b 53 53 1
b 53 54 1
b 53 55 1
b 53 56 1
b 53 57 1
b 53 58 16
b 53 59 14
b 54 26 16
b 54 27 16
b 54 28 16
b 54 29 13
b 54 30 16
b 54 31 4
b 54 32 1
b 54 33 0
b 54 34 0
b 54 35 0
b 54 36 0
b 54 37 0
b 54 38 0
b 54 39 0
b 54 40 4
b 54 41 1
b 54 42 0
b 54 43 0
b 54 44 0
b 54 45 0
b 54 46 0
b 54 47 0
b 54 48 0
b 54 49 0
b 54 50 0
b 54 51 0
b 54 52 0
b 54 53 0
b 54 54 0
b 54 55 2
b 54 56 3
b 54 57 1
b 54 58 15
b 54 59 13
b 55 26 14
b 55 27 13
b 55 28 16
b 55 29 16
b 55 30 16
b 55 31 4
b 55 32 1
b 55 33 0
b 55 34 0
b 55 35 0
b 55 36 0
b 55 37 0
b 55 38 0
b 55 39 0
f 55 39 8
b 55 40 4
b 55 41 1
b 55 42 0
b 55 43 0
b 55 44 0
b 55 45 0
b 55 46 0
b 55 47 0
b 55 48 0
b 55 49 0
b 55 50 0
b 55 51 0
b 55 52 0
b 55 53 0
f 55 53 9
b 55 54 0
b 55 55 2
b 55 56 3
b 55 57 1
b 55 58 16
b 55 59 16
b 56 26 14
b 56 27 16
b 56 28 16
b 56 29 16
b 56 30 16
b 56 31 4
b 56 32 1
b 56 33 0
b 56 34 0
b 56 35 0
b 56 36 0
b 56 37 0
b 56 38 0
b 56 39 0
b 56 40 0
b 56 41 0
b 56 42 0
b 56 43 0
b 56 44 0
b 56 45 0
b 56 46 0
b 56 47 0
b 56 48 0
b 56 49 0
b 56 50 0
b 56 51 0
b 56 52 0
b 56 53 0
f 56 53 9
b 56 54 0
b 56 55 2
b 56 56 3
b 56 57 1
b 56 58 16
b 56 59 16
b 57 26 14
b 57 27 16
b 57 28 16
b 57 29 13
b 57 30 16
b 57 31 4
b 57 32 1
b 57 33 0
b 57 34 0
b 57 35 0
b 57 36 0
b 57 37 0
b 57 38 0
b 57 39 0
b 57 40 4
b 57 41 1
b 57 42 0
b 57 43 0
b 57 44 0
b 57 45 0
b 57 46 0
b 57 47 0
b 57 48 0
b 57 49 0
b 57 50 0
b 57 51 0
b 57 52 0
b 57 53 0
f 57 53 9
b 57 54 0
b 57 55 2
b 57 56 3
b 57 57 1
b 57 58 16
b 57 59 16
b 57 60 16
b 58 26 16
b 58 27 13
b 58 28 16
b 58 29 13
b 58 30 16
b 58 31 4
b 58 32 1
b 58 33 0
b 58 34 0
b 58 35 0
b 58 36 0
b 58 37 0
b 58 38 0
b 58 39 0
b 58 40 4
b 58 41 1
b 58 42 1
b 58 43 0
b 58 44 1
b 58 45 1
b 58 46 1
b 58 47 0
b 58 48 4
b 58 49 1
b 58 50 1
b 58 51 0
b 58 52 0
b 58 53 0
f 58 53 9
b 58 54 0
b 58 55 0
f 58 55 8
b 58 56 4
b 58 57 1
b 58 58 16
b 58 59 13
b 58 60 16
b 59 26 16
b 59 27 16
b 59 28 16
b 59 29 13
b 59 30 16
b 59 31 4
b 59 32 1
b 59 33 1
b 59 34 1
b 59 35 1
b 59 36 1
b 59 37 1
b 59 38 1
b 59 39 1
b 59 40 1
b 59 41 1
b 59 42 0
b 59 43 0
b 59 44 0
f 59 44 9
b 59 45 4
b 59 46 1
b 59 47 0
b 59 48 0
b 59 49 4
b 59 50 1
b 59 51 0
b 59 52 0
b 59 53 0
f 59 53 9
b 59 54 0
b 59 55 0
f 59 55 8
b 59 56 4
b 59 57 1
b 59 58 16
b 59 59 16
b 59 60 16
b 60 26 14
b 60 27 16
b 60 28 16
b 60 29 13
b 60 30 16
b 60 31 16
b 60 32 13
b 60 33 13
b 60 34 16
b 60 35 16
b 60 36 16
b 60 37 16
b 60 38 16
b 60 39 13
b 60 40 4
b 60 41 1
b 60 42 0
b 60 43 0
b 60 44 0
f 60 44 8
b 60 45 4
b 60 46 1
b 60 47 0
b 60 48 0
f 60 48 8
b 60 49 4
b 60 50 1
b 60 51 0
b 60 52 0
b 60 53 0
b 60 54 0
b 60 55 0
b 60 56 4
b 60 57 1
b 60 58 16
b 60 59 16
b 60 60 16
b 61 26 16
b 61 27 16
b 61 28 16
b 61 29 16
b 61 30 16
b 61 31 16
b 61 32 16
b 61 33 16
b 61 34 16
b 61 35 16
b 61 36 13
b 61 37 16
b 61 38 16
b 61 39 13
b 61 40 4
b 61 41 1
b 61 42 0
b 61 43 0
b 61 44 0
f 61 44 8
b 61 45 4
b 61 46 1
b 61 47 0
b 61 48 0
f 61 48 11
b 61 49 4
b 61 50 1
b 61 51 0
b 61 52 0
b 61 53 4
b 61 54 1
b 61 55 1
b 61 56 1
b 61 57 1
b 61 58 16
b 61 59 16
b 61 60 13
b 62 26 16
b 62 27 13
b 62 28 16
b 62 29 16
b 62 30 15
b 62 31 16
b 62 32 16
b 62 33 16
b 62 34 16
b 62 35 15
b 62 36 13
b 62 37 16
b 62 38 13
b 62 39 16
b 62 40 4
b 62 41 1
b 62 42 0
b 62 43 0
b 62 44 0
f 62 44 9
b 62 45 4
b 62 46 1
b 62 47 1
b 62 48 1
b 62 49 1
b 62 50 1
b 62 51 0
b 62 52 0
b 62 53 0
b 62 54 0
b 62 55 0
f 62 55 8
b 62 56 4
b 62 57 1
b 62 58 16
b 62 59 15
b 62 60 16
b 63 26 16
b 63 27 16
b 63 28 16
b 63 29 13
b 63 30 16
b 63 31 16
b 63 32 16
b 63 33 13
b 63 34 13
b 63 35 16
b 63 36 16
b 63 37 16
b 63 38 16
b 63 39 16
b 63 40 4
b 63 41 1
b 63 42 0
b 63 43 0
b 63 44 0
b 63 45 0
b 63 46 0
b 63 47 0
b 63 48 2
b 63 49 3
b 63 50 1
b 63 51 0
b 63 52 0
b 63 53 0
b 63 54 0
b 63 55 0
f 63 55 9
b 63 56 4
b 63 57 1
b 63 58 16
b 63 59 16
b 63 60 14
b 64 26 14
b 64 27 13
b 64 28 16
b 64 29 13
b 64 30 16
b 64 31 16
b 64 32 16
b 64 33 16
b 64 34 16
b 64 35 16
b 64 36 13
b 64 37 16
b 64 38 16
b 64 39 16
b 64 40 4
b 64 41 1
b 64 42 0
b 64 43 0
b 64 44 0
b 64 45 0
b 64 46 0
f 64 46 7
b 64 47 0
b 64 48 2
b 64 49 3
b 64 50 1
b 64 51 0
b 64 52 0
b 64 53 0
b 64 54 0
b 64 55 0
f 64 55 9
b 64 56 4
b 64 57 1
b 64 58 16
b 64 59 16
b 64 60 14
b 65 27 14
b 65 28 14
b 65 29 16
b 65 30 16
b 65 31 13
b 65 32 13
b 65 33 16
b 65 34 16
b 65 35 16
b 65 36 16
b 65 37 16
b 65 38 13
b 65 39 16
b 65 40 4
b 65 41 1
b 65 42 0
b 65 43 0
b 65 44 0
f 65 44 7
b 65 45 0
b 65 46 0
f 65 46 10
b 65 47 0
b 65 48 2
b 65 49 3
b 65 50 1
b 65 51 0
b 65 52 0
b 65 53 4
b 65 54 1
b 65 55 1
b 65 56 1
b 65 57 1
b 65 58 16
b 65 59 13
b 65 60 14
b 66 28 14
b 66 29 13
b 66 30 15
b 66 31 15
b 66 32 16
b 66 33 16
b 66 34 13
b 66 35 13
b 66 36 16
b 66 37 16
b 66 38 16
b 66 39 16
b 66 40 4
b 66 41 1
b 66 42 1
b 66 43 1
b 66 44 1
b 66 45 1
b 66 46 1
b 66 47 1
b 66 48 1
b 66 49 1
b 66 50 1
b 66 51 0
b 66 52 0
b 66 53 0
b 66 54 0
b 66 55 0
f 66 55 9
b 66 56 4
b 66 57 1
b 66 58 16
b 66 59 16
b 66 60 16
b 67 29 16
b 67 30 16
b 67 31 14
b 67 32 14
b 67 33 13
b 67 34 16
b 67 35 16
b 67 36 16
b 67 37 16
b 67 38 16
b 67 39 16
b 67 40 16
b 67 41 16
b 67 42 13
b 67 43 16
b 67 44 16
b 67 45 13
b 67 46 16
b 67 47 16
b 67 48 13
b 67 49 4
b 67 50 1
b 67 51 0
b 67 52 0
b 67 53 0
b 67 54 0
b 67 55 0
f 67 55 8
b 67 56 4
b 67 57 1
b 67 58 13
b 67 59 13
b 68 32 16
b 68 33 15
b 68 34 16
b 68 35 16
b 68 36 15
b 68 37 16
b 68 38 16
b 68 39 13
b 68 40 15
b 68 41 16
b 68 42 16
b 68 43 16
b 68 44 16
b 68 45 15
b 68 46 16
b 68 47 15
b 68 48 13
b 68 49 4
b 68 50 1
b 68 51 0
b 68 52 0
b 68 53 0
b 68 54 0
b 68 55 0
f 68 55 11
b 68 56 4
b 68 57 1
b 68 58 16
b 68 59 16
b 69 34 14
b 69 35 14
b 69 36 13
b 69 37 16
b 69 38 16
b 69 39 15
b 69 40 16
b 69 41 16
b 69 42 13
b 69 43 16
b 69 44 16
b 69 45 16
b 69 46 16
b 69 47 16
b 69 48 13
b 69 49 4
b 69 50 1
b 69 51 0
b 69 52 0
b 69 53 4
b 69 54 1
b 69 55 1
b 69 56 1
b 69 57 1
b 69 58 16
b 69 59 15
b 70 36 13
b 70 37 13
b 70 38 16
b 70 39 14
b 70 40 16
b 70 41 16
b 70 42 16
b 70 43 16
b 70 44 16
b 70 45 16
b 70 46 16
b 70 47 16
b 70 48 15
b 70 49 4
b 70 50 1
b 70 51 0
b 70 52 0
b 70 53 0
b 70 54 0
b 70 55 0
f 70 55 9
b 70 56 4
b 70 57 1
b 70 58 16
b 71 40 16
b 71 41 16
b 71 42 16
b 71 43 16
b 71 44 15
b 71 45 16
b 71 46 13
b 71 47 13
b 71 48 16
b 71 49 4
b 71 50 1
b 71 51 0
b 71 52 0
b 71 53 0
b 71 54 0
b 71 55 0
f 71 55 11
b 71 56 4
b 71 57 1
b 71 58 14
b 72 41 14
b 72 42 16
b 72 43 16
b 72 44 13
b 72 45 16
b 72 46 16
b 72 47 16
b 72 48 16
b 72 49 4
b 72 50 1
b 72 51 0
b 72 52 0
b 72 53 0
b 72 54 0
b 72 55 0
f 72 55 8
b 72 56 4
b 72 57 1
b 72 58 13
b 73 41 14
b 73 42 15
b 73 43 16
b 73 44 13
b 73 45 16
b 73 46 16
b 73 47 16
b 73 48 13
b 73 49 4
b 73 50 1
b 73 51 0
b 73 52 0
b 73 53 4
b 73 54 1
b 73 55 1
b 73 56 1
b 73 57 1
b 73 58 13
b 74 41 14
b 74 42 15
b 74 43 16
b 74 44 16
b 74 45 16
b 74 46 16
b 74 47 16
b 74 48 13
b 74 49 4
b 74 50 1
b 74 51 0
b 74 52 0
b 74 53 0
b 74 54 0
b 74 55 6
b 74 56 5
b 74 57 1
b 74 58 16
b 75 41 14
b 75 42 14
b 75 43 16
b 75 44 16
b 75 45 16
b 75 46 16
b 75 47 15
b 75 48 13
b 75 49 4
b 75 50 1
b 75 51 0
b 75 52 0
f 75 52 10
b 75 53 0
b 75 54 0
f 75 54 7
b 75 55 6
b 75 56 5
b 75 57 1
b 75 58 16
b 76 42 14
b 76 43 14
b 76 44 13
b 76 45 16
b 76 46 13
b 76 47 15
b 76 48 16
b 76 49 4
b 76 50 1
b 76 51 0
b 76 52 0
f 76 52 7
b 76 53 0
b 76 54 0
f 76 54 7
b 76 55 6
b 76 56 5
b 76 57 1
b 76 58 16
b 76 59 14
b 77 42 14
b 77 43 14
b 77 44 16
b 77 45 16
b 77 46 16
b 77 47 16
b 77 48 16
b 77 49 4
b 77 50 1
b 77 51 0
b 77 52 0
b 77 53 0
b 77 54 0
b 77 55 0
b 77 56 4
b 77 57 1
b 77 58 16
b 77 59 13
b 78 42 14
b 78 43 14
b 78 44 14
b 78 45 16
b 78 46 13
b 78 47 16
b 78 48 15
b 78 49 4
b 78 50 1
b 78 51 0
b 78 52 0
b 78 53 0
b 78 54 0
b 78 55 2
b 78 56 3
b 78 57 1
b 78 58 16
b 78 59 14
b 79 44 14
b 79 45 16
b 79 46 16
b 79 47 15
b 79 48 16
b 79 49 4
b 79 50 1
b 79 51 0
b 79 52 0
f 79 52 8
b 79 53 0
b 79 54 0
f 79 54 10
b 79 55 2
b 79 56 3
b 79 57 1
b 79 58 13
b 79 59 16
b 80 44 14
b 80 45 13
b 80 46 16
b 80 47 16
b 80 48 16
b 80 49 4
b 80 50 1
b 80 51 0
b 80 52 0
f 80 52 9
b 80 53 0
b 80 54 0
f 80 54 9
b 80 55 2
b 80 56 3
b 80 57 1
b 80 58 16
b 80 59 15
b 81 44 14
b 81 45 14
b 81 46 16
b 81 47 16
b 81 48 16
b 81 49 4
b 81 50 1
b 81 51 1
b 81 52 1
b 81 53 1
b 81 54 1
b 81 55 1
b 81 56 1
b 81 57 1
b 81 58 15
b 81 59 15
b 82 45 14
b 82 46 13
b 82 47 13
b 82 48 16
b 82 49 16
b 82 50 16
b 82 51 16
b 82 52 16
b 82 53 16
b 82 54 16
b 82 55 16
b 82 56 16
b 82 57 16
b 82 58 16
b 82 59 13
b 83 45 16
b 83 46 16
b 83 47 16
b 83 48 16
b 83 49 13
b 83 50 13
b 83 51 16
b 83 52 16
b 83 53 13
b 83 54 16
b 83 55 15
b 83 56 15
b 83 57 13
b 83 58 15
b 83 59 13
b 84 45 16
b 84 46 16
b 84 47 16
b 84 48 15
b 84 49 16
b 84 50 16
b 84 51 16
b 84 52 16
b 84 53 16
b 84 54 16
b 84 55 16
b 84 56 16
b 84 57 16
b 84 58 16
b 84 59 14
b 85 45 15
b 85 46 16
b 85 47 16
b 85 48 16
b 85 49 16
b 85 50 15
b 85 51 16
b 85 52 16
b 85 53 16
b 85 54 15
b 85 55 13
b 85 56 16
b 85 57 13
b 85 58 16
b 86 45 14
b 86 46 16
b 86 47 13
b 86 48 16
b 86 49 13
b 86 50 13
b 86 51 16
b 86 52 13
b 86 53 13
b 86 54 16
b 86 55 16
b 86 56 16
b 86 57 14
b 86 58 14
b 87 46 14
b 87 47 13
b 87 48 16
b 87 49 16
b 87 50 13
b 87 51 16
b 87 52 16
b 87 53 16
b 87 54 16
b 87 55 14
b 87 56 14
b 88 46 14
b 88 47 14
b 88 48 15
b 88 49 16
b 88 50 16
b 88 51 14
b 88 52 14
b 88 53 14
