b 244 222 1
b 244 223 1
b 244 224 1
b 244 225 1
b 244 226 1
b 244 227 1
b 244 228 1
b 244 229 1
b 244 230 1
b 244 231 1
b 244 232 1
b 244 233 1
b 244 234 1
b 244 235 1
b 244 236 1
b 244 237 1
b 244 238 1
b 244 239 1
b 244 240 1
b 244 241 1
b 244 242 1
b 244 243 1
b 244 244 1
b 244 245 1
b 244 246 1
b 244 247 1
b 244 248 1
b 244 249 1
b 244 250 1
b 244 251 1
b 244 252 1
b 244 253 1
b 245 222 1
b 245 223 1
b 245 224 1
b 245 225 1
b 245 226 1
b 245 227 1
b 245 228 1
b 245 229 1
b 245 230 1
b 245 231 1
b 245 232 1
b 245 233 1
b 245 234 1
b 245 235 1
b 245 236 1
b 245 237 1
b 245 238 1
b 245 239 1
b 245 240 1
b 245 241 1
b 245 242 1
b 245 243 1
b 245 244 1
b 245 245 1
b 245 246 1
b 245 247 1
b 245 248 1
b 245 249 1
b 245 250 1
b 245 251 1
b 245 252 1
b 245 253 1
b 246 222 1
b 246 223 1
b 246 224 1
b 246 225 1
b 246 226 1
b 246 227 1
b 246 228 1
b 246 229 1
b 246 230 1
b 246 231 1
b 246 232 1
b 246 233 1
b 246 234 1
b 246 235 1
b 246 236 1
b 246 237 1
b 246 238 1
b 246 239 1
b 246 240 1
b 246 241 1
b 246 242 1
f 246 242 4
b 246 243 1
f 246 243 4
b 246 244 1
b 246 245 1
b 246 246 1
b 246 247 1
b 246 248 1
b 246 249 1
b 246 250 1
b 246 251 1
b 246 252 1
b 246 253 1
b 247 223 1
b 247 224 1
b 247 225 1
b 247 226 1
b 247 227 1
b 247 228 1
b 247 229 1
b 247 230 1
b 247 231 1
b 247 232 1
b 247 233 1
b 247 234 1
b 247 235 1
b 247 236 1
b 247 237 1
b 247 238 1
b 247 239 1
b 247 240 1
b 247 241 24
b 247 242 25
b 247 243 25
b 247 244 1
f 247 244 4
b 247 245 1
b 247 246 1
b 247 247 1
b 247 248 1
b 247 249 1
b 247 250 1
b 247 251 1
b 247 252 1
b 247 253 1
b 248 223 1
b 248 224 1
b 248 225 1
b 248 226 1
b 248 227 1
b 248 228 1
b 248 229 1
b 248 230 8
b 248 231 8
b 248 232 8
b 248 233 1
b 248 234 1
b 248 235 1
b 248 236 1
b 248 237 1
b 248 238 1
b 248 239 1
b 248 240 26
b 248 241 26
b 248 242 27
b 248 243 23
b 248 244 24
b 248 245 1
b 248 246 1
b 248 247 1
b 248 248 1
b 248 249 1
b 248 250 1
b 248 251 1
b 248 252 1
b 248 253 1
b 249 223 1
b 249 224 1
b 249 225 1
b 249 226 1
b 249 227 8
b 249 228 8
b 249 229 8
b 249 230 8
b 249 231 8
b 249 232 8
b 249 233 8
b 249 234 1
b 249 235 1
b 249 236 1
b 249 237 1
b 249 238 1
b 249 239 27
b 249 240 27
b 249 241 24
b 249 242 24
b 249 243 27
b 249 244 23
b 249 245 26
b 249 246 1
b 249 247 1
b 249 248 1
b 249 249 1
b 249 250 1
b 249 251 1
b 249 252 1
b 249 253 1
b 250 223 1
b 250 224 1
b 250 225 8
b 250 226 8
b 250 227 8
b 250 228 8
b 250 229 8
b 250 230 8
f 250 230 4
b 250 231 8
b 250 232 15
b 250 233 12
b 250 234 12
b 250 235 12
b 250 236 12
b 250 237 12
b 250 238 12
b 250 239 27
b 250 240 26
b 250 241 15
b 250 242 12
b 250 243 12
b 250 244 12
b 250 245 12
b 250 246 12
b 250 247 12
b 250 248 1
b 250 249 1
b 250 250 1
b 250 251 1
b 250 252 1
b 250 253 1
b 251 223 1
b 251 224 1
b 251 225 8
b 251 226 8
b 251 227 8
b 251 228 8
b 251 229 8
b 251 230 8
b 251 231 8
b 251 232 15
b 251 233 12
b 251 234 11
b 251 235 11
b 251 236 11
f 251 236 22
b 251 237 15
b 251 238 12
b 251 239 26
b 251 240 26
b 251 241 15
b 251 242 12
b 251 243 11
f 251 243 18
b 251 244 11
b 251 245 17
b 251 246 16
b 251 247 12
b 251 248 27
b 251 249 1
b 251 250 1
b 251 251 1
b 251 252 1
b 251 253 1
b 252 223 1
b 252 224 1
b 252 225 8
b 252 226 8
b 252 227 8
b 252 228 27
b 252 229 27
b 252 230 27
b 252 231 27
b 252 232 11
b 252 233 11
b 252 234 11
b 252 235 11
b 252 236 11
f 252 236 22
b 252 237 15
b 252 238 12
b 252 239 26
b 252 240 26
b 252 241 15
b 252 242 12
b 252 243 11
f 252 243 18
b 252 244 11
b 252 245 17
b 252 246 16
b 252 247 12
b 252 248 26
b 252 249 1
b 252 250 1
b 252 251 1
b 252 252 1
b 252 253 1
b 253 223 1
b 253 224 1
b 253 225 8
b 253 226 8
b 253 227 27
b 253 228 27
b 253 229 27
b 253 230 27
b 253 231 27
b 253 232 11
b 253 233 11
b 253 234 11
b 253 235 11
b 253 236 11
f 253 236 22
b 253 237 15
b 253 238 12
b 253 239 12
b 253 240 12
b 253 241 12
b 253 242 12
b 253 243 11
f 253 243 18
b 253 244 11
b 253 245 17
b 253 246 16
b 253 247 12
b 253 248 26
b 253 249 1
b 253 250 1
b 253 251 1
b 253 252 1
b 253 253 1
b 254 223 1
b 254 224 1
b 254 225 8
b 254 226 8
b 254 227 27
b 254 228 27
b 254 229 27
b 254 230 8
b 254 231 8
b 254 232 15
b 254 233 12
b 254 234 11
b 254 235 11
b 254 236 11
b 254 237 11
b 254 238 11
b 254 239 11
b 254 240 11
b 254 241 11
b 254 242 11
b 254 243 11
b 254 244 11
b 254 245 11
b 254 246 15
b 254 247 12
b 254 248 27
b 254 249 1
b 254 250 1
b 254 251 1
b 254 252 1
b 254 253 1
b 255 223 1
b 255 224 1
b 255 225 8
b 255 226 8
b 255 227 27
b 255 228 27
b 255 229 8
b 255 230 8
b 255 231 8
f 255 231 9
b 255 232 15
b 255 233 12
b 255 234 11
b 255 235 11
b 255 236 11
b 255 237 15
b 255 238 12
b 255 239 12
b 255 240 12
b 255 241 12
b 255 242 12
b 255 243 11
f 255 243 22
b 255 244 11
b 255 245 11
f 255 245 19
b 255 246 15
b 255 247 12
b 255 248 27
b 255 249 1
b 255 250 1
b 255 251 1
b 255 252 1
b 255 253 1
b 256 223 1
b 256 224 1
b 256 225 8
b 256 226 8
b 256 227 27
b 256 228 27
b 256 229 8
b 256 230 8
f 256 230 9
b 256 231 7
b 256 232 15
b 256 233 12
b 256 234 11
b 256 235 11
b 256 236 11
f 256 236 21
b 256 237 15
b 256 238 12
b 256 239 25
b 256 240 27
f 256 240 4
b 256 241 15
b 256 242 12
b 256 243 11
f 256 243 22
b 256 244 11
b 256 245 11
f 256 245 19
b 256 246 15
b 256 247 12
b 256 248 27
b 256 249 1
b 256 250 1
b 256 251 1
b 256 252 1
b 256 253 1
b 257 223 1
b 257 224 1
b 257 225 8
b 257 226 8
b 257 227 27
b 257 228 27
b 257 229 8
b 257 230 7
b 257 231 7
b 257 232 15
b 257 233 12
b 257 234 11
b 257 235 11
b 257 236 13
b 257 237 14
b 257 238 12
b 257 239 27
b 257 240 25
b 257 241 15
b 257 242 12
b 257 243 11
f 257 243 22
b 257 244 11
b 257 245 11
f 257 245 19
b 257 246 15
b 257 247 12
b 257 248 25
b 257 249 1
b 257 250 1
b 257 251 1
b 257 252 1
b 257 253 1
b 258 223 1
b 258 224 1
b 258 225 8
b 258 226 8
b 258 227 27
b 258 228 27
b 258 229 8
b 258 230 7
b 258 231 7
b 258 232 15
b 258 233 12
b 258 234 11
b 258 235 11
b 258 236 13
b 258 237 14
b 258 238 12
b 258 239 1
b 258 240 24
b 258 241 15
b 258 242 12
b 258 243 12
b 258 244 12
b 258 245 12
b 258 246 12
b 258 247 12
b 258 248 25
b 258 249 1
b 258 250 1
b 258 251 1
b 258 252 1
b 258 253 1
b 259 223 1
b 259 224 1
b 259 225 8
b 259 226 8
b 259 227 27
b 259 228 27
b 259 229 8
b 259 230 7
b 259 231 7
b 259 232 15
b 259 233 12
b 259 234 11
b 259 235 11
b 259 236 13
b 259 237 14
b 259 238 12
b 259 239 1
b 259 240 27
b 259 241 23
b 259 242 23
b 259 243 1
b 259 244 1
b 259 245 1
f 259 245 4
b 259 246 1
b 259 247 1
b 259 248 1
b 259 249 1
b 259 250 1
b 259 251 1
b 259 252 1
b 259 253 1
b 260 223 1
b 260 224 1
b 260 225 8
b 260 226 8
b 260 227 27
b 260 228 27
b 260 229 8
f 260 229 9
b 260 230 7
b 260 231 7
b 260 232 15
b 260 233 12
b 260 234 11
b 260 235 11
b 260 236 13
b 260 237 14
b 260 238 12
b 260 239 1
b 260 240 1
b 260 241 1
b 260 242 1
b 260 243 1
f 260 243 4
b 260 244 1
b 260 245 1
f 260 245 4
b 260 246 1
b 260 247 1
b 260 248 1
f 260 248 4
b 260 249 1
b 260 250 1
b 260 251 1
b 260 252 1
b 260 253 1
b 261 223 1
b 261 224 1
b 261 225 8
b 261 226 8
b 261 227 27
b 261 228 27
b 261 229 8
f 261 229 9
b 261 230 7
b 261 231 7
b 261 232 15
b 261 233 12
b 261 234 11
b 261 235 11
b 261 236 13
b 261 237 14
b 261 238 12
b 261 239 1
b 261 240 1
b 261 241 1
b 261 242 1
b 261 243 1
b 261 244 1
b 261 245 1
b 261 246 1
b 261 247 1
b 261 248 1
b 261 249 1
b 261 250 1
b 261 251 1
b 261 252 1
b 261 253 1
b 262 223 1
b 262 224 1
b 262 225 8
b 262 226 8
b 262 229 8
f 262 229 9
b 262 230 7
b 262 231 7
b 262 232 15
b 262 233 12
b 262 234 12
b 262 235 12
b 262 236 12
b 262 237 12
b 262 238 12
b 262 239 1
b 262 240 1
b 262 241 1
b 262 242 1
b 262 243 1
b 262 244 1
b 262 245 1
b 262 246 1
b 262 247 1
b 262 248 1
b 262 249 1
b 262 250 1
b 262 251 1
b 262 252 1
b 262 253 1
b 263 229 1
b 263 230 1
b 263 231 1
b 263 232 1
b 263 233 1
b 263 234 1
b 263 235 1
b 263 236 1
b 263 237 1
b 263 238 1
b 263 239 1
b 263 240 1
b 263 241 1
b 263 242 1
b 263 243 1
b 263 244 1
b 263 245 1
b 263 246 1
b 263 247 1
b 263 248 1
b 263 249 1
b 263 250 1
b 263 251 1
b 263 252 1
b 263 253 1
b 264 228 1
b 264 229 1
b 264 230 1
b 264 231 1
b 264 232 1
b 264 233 1
b 264 234 1
b 264 235 1
b 264 236 1
b 264 237 1
b 264 238 1
b 264 239 1
b 264 240 1
b 264 241 1
b 264 242 1
b 264 243 1
b 264 244 1
b 264 245 1
b 264 246 1
b 264 247 1
b 264 248 1
b 264 249 1
b 264 250 1
b 264 251 1
b 264 252 1
b 264 253 1
b 265 228 1
b 265 229 1
b 265 230 1
b 265 231 1
b 265 232 1
b 265 233 1
b 265 234 1
b 265 235 1
b 265 236 1
b 265 237 1
b 265 238 1
b 265 239 1
b 265 240 1
b 265 241 1
b 265 242 1
b 265 243 1
b 265 244 1
b 265 245 1
b 265 246 1
b 265 247 1
b 265 248 1
b 265 249 1
b 265 250 1
b 265 251 1
b 265 252 1
b 265 253 1
b 266 228 1
b 266 229 1
b 266 230 1
b 266 231 1
b 266 232 1
b 266 233 1
b 266 234 1
b 266 235 1
b 266 236 1
b 266 237 1
b 266 238 1
b 266 239 1
b 266 240 1
b 266 241 1
b 266 242 1
b 266 243 1
b 266 244 1
b 266 245 1
b 266 246 1
b 266 247 1
b 266 248 1
b 266 249 1
b 266 250 1
b 266 251 1
b 266 252 1
b 266 253 1
b 267 227 1
b 267 228 1
b 267 229 1
b 267 230 1
b 267 231 1
b 267 232 1
b 267 233 1
b 267 234 1
b 267 235 1
b 267 236 1
b 267 237 1
b 267 238 1
b 267 239 1
b 267 240 1
b 267 241 1
b 267 242 1
b 267 243 1
b 267 244 1
b 267 245 1
b 267 246 1
b 267 247 1
b 267 248 1
b 267 249 1
b 267 250 1
b 267 251 1
b 267 252 1
b 267 253 1
b 268 227 1
b 268 228 1
b 268 229 1
b 268 230 1
b 268 231 1
b 268 232 1
b 268 233 1
b 268 234 1
b 268 235 1
b 268 236 1
b 268 237 1
b 268 238 1
b 268 239 1
b 268 240 1
b 268 241 1
b 268 242 1
b 268 243 1
b 268 244 1
b 268 245 1
b 268 246 1
b 268 247 1
b 268 248 1
b 268 249 1
b 268 250 1
b 268 251 1
b 268 252 1
b 268 253 1
b 269 227 1
b 269 228 1
b 269 229 1
b 269 230 1
b 269 231 1
b 269 232 1
b 269 233 1
b 269 234 1
b 269 235 1
b 269 236 1
b 269 237 1
b 269 238 1
b 269 239 1
b 269 240 1
b 269 241 1
b 269 242 1
b 269 243 1
b 269 244 1
b 269 245 1
b 269 246 1
b 269 247 1
b 269 248 1
b 269 249 1
b 269 250 1
b 269 251 1
b 269 252 1
b 269 253 1
b 270 227 1
b 270 228 1
b 270 229 1
b 270 230 1
b 270 231 1
b 270 232 1
b 270 233 1
b 270 234 1
b 270 235 1
b 270 236 1
b 270 237 1
b 270 238 1
b 270 239 1
b 270 240 1
b 270 241 1
b 270 242 1
b 270 243 1
b 270 244 1
b 270 245 1
b 270 246 1
b 270 247 1
b 270 248 1
b 270 249 1
b 270 250 1
b 270 251 1
b 270 252 1
b 270 253 1
