b 33 47 19
b 33 48 19
b 33 49 19
b 33 50 19
b 34 50 19
b 35 50 19
b 36 50 19
b 37 47 19
b 37 48 19
b 37 49 19
b 37 50 19
b 38 50 19
b 39 50 19
b 40 50 19
b 41 47 19
b 41 48 19
b 41 49 19
b 41 50 19
b 41 51 13
b 42 48 16
b 42 50 19
b 42 51 16
b 42 52 13
b 43 45 13
b 43 46 15
b 43 47 13
b 43 48 13
b 43 49 16
b 43 50 19
b 43 51 16
b 43 52 13
b 43 53 14
b 44 45 13
b 44 46 13
b 44 47 16
b 44 48 14
b 44 49 12
b 44 50 19
b 44 51 12
b 44 52 15
b 44 53 12
b 44 54 14
b 45 45 13
b 45 46 14
b 45 47 14
b 45 48 14
b 45 49 12
b 45 50 19
b 45 51 12
b 45 52 16
b 45 53 16
b 45 54 14
b 46 47 12
b 46 48 15
b 46 49 15
b 46 50 19
b 46 51 12
b 46 52 16
b 46 53 13
b 46 54 12
b 47 47 1
b 47 48 1
b 47 49 1
b 47 50 0
b 47 51 1
b 47 52 1
b 47 53 1
b 47 54 1
b 48 47 1
b 48 48 0
b 48 49 0
b 48 50 0
b 48 51 0
b 48 52 6
b 48 53 5
b 48 54 1
b 49 47 1
b 49 48 0
b 49 49 0
b 49 50 0
b 49 51 0
b 49 52 6
b 49 53 5
b 49 54 1
b 50 47 1
b 50 48 0
b 50 49 0
b 50 51 0
b 50 52 6
b 50 53 5
b 50 54 1
b 51 47 1
b 51 48 0
b 51 49 0
b 51 50 0
b 51 51 0
b 51 52 6
b 51 53 5
b 51 54 1
b 52 47 1
b 52 48 0
b 52 49 0
b 52 50 0
b 52 51 0
b 52 52 6
b 52 53 5
b 52 54 1
b 53 47 1
b 53 48 1
b 53 49 1
b 53 50 0
b 53 51 1
b 53 52 1
b 53 53 1
b 53 54 1
