b 242 236 18
b 242 237 18
b 242 238 18
b 242 239 18
b 242 240 18
b 242 241 18
b 242 242 18
b 242 243 18
b 242 244 18
b 242 245 18
b 242 246 18
b 242 247 18
b 242 248 18
b 242 249 18
b 242 250 18
b 242 251 18
b 242 252 18
b 242 253 18
b 243 236 18
b 243 237 18
b 243 238 18
b 243 239 18
b 243 240 18
b 243 241 18
b 243 242 18
b 243 243 18
b 243 244 18
b 243 245 18
b 243 246 18
b 243 247 18
b 243 248 18
b 243 249 18
b 243 250 18
b 243 251 18
b 243 252 18
b 243 253 18
b 244 236 18
b 244 237 18
b 244 238 14
b 244 239 15
b 244 240 12
b 244 241 14
b 244 242 16
b 244 243 16
b 244 244 16
b 244 245 16
b 244 246 12
b 244 247 16
b 244 248 16
b 244 249 15
b 244 250 16
b 244 251 15
b 244 252 18
b 244 253 18
b 245 236 18
b 245 237 18
b 245 238 14
b 245 239 14
b 245 240 16
b 245 241 16
b 245 242 15
b 245 243 15
b 245 244 12
b 245 245 12
b 245 246 12
b 245 247 15
b 245 248 16
b 245 249 12
b 245 250 12
b 245 251 12
b 245 252 18
b 245 253 18
b 246 236 18
b 246 237 18
b 246 238 14
b 246 239 14
b 246 240 4
b 246 241 1
b 246 242 1
b 246 243 1
b 246 244 1
b 246 245 1
b 246 246 1
b 246 247 1
b 246 248 1
b 246 249 1
b 246 250 1
b 246 251 12
b 246 252 18
b 246 253 18
b 247 236 18
b 247 237 18
b 247 238 16
b 247 239 16
b 247 240 4
b 247 241 1
b 247 242 0
b 247 243 0
b 247 244 0
b 247 245 0
b 247 246 0
b 247 247 0
b 247 248 2
b 247 249 3
b 247 250 1
b 247 251 16
b 247 252 18
b 247 253 18
b 248 236 18
b 248 237 18
b 248 238 13
b 248 239 16
b 248 240 4
b 248 241 1
b 248 242 0
b 248 243 0
b 248 244 0
b 248 245 0
b 248 246 0
b 248 247 0
b 248 248 2
b 248 249 3
b 248 250 1
b 248 251 14
b 248 252 18
b 248 253 18
b 249 236 18
b 249 237 18
b 249 238 12
b 249 239 15
b 249 240 4
b 249 241 1
b 249 242 0
b 249 243 0
b 249 244 0
b 249 245 0
b 249 246 0
b 249 247 0
b 249 248 2
b 249 249 3
b 249 250 1
b 249 251 16
b 249 252 18
b 249 253 18
b 250 236 18
b 250 237 18
b 250 238 12
b 250 239 16
b 250 240 4
b 250 241 1
b 250 242 0
b 250 243 0
b 250 244 0
b 250 245 0
b 250 246 0
b 250 247 0
b 250 248 2
b 250 249 3
b 250 250 1
b 250 251 12
b 250 252 18
b 250 253 18
b 251 236 18
b 251 237 18
b 251 238 16
b 251 239 13
b 251 240 4
b 251 241 1
b 251 242 0
b 251 243 0
b 251 244 0
b 251 245 0
b 251 246 0
b 251 247 0
b 251 248 0
b 251 249 4
b 251 250 1
b 251 251 15
b 251 252 18
b 251 253 18
b 252 236 18
b 252 237 18
b 252 238 16
b 252 239 16
b 252 240 4
b 252 241 1
b 252 242 0
b 252 243 0
b 252 244 0
b 252 245 0
b 252 246 0
b 252 247 0
b 252 248 6
b 252 249 5
b 252 250 1
b 252 251 13
b 252 252 18
b 252 253 18
b 253 236 18
b 253 237 18
b 253 238 15
b 253 239 13
b 253 240 4
b 253 241 1
b 253 242 0
b 253 243 0
b 253 244 0
b 253 245 0
b 253 246 0
b 253 247 0
b 253 248 6
b 253 249 5
b 253 250 1
b 253 251 16
b 253 252 18
b 253 253 18
b 254 236 18
b 254 237 18
b 254 238 16
b 254 239 13
b 254 240 4
b 254 241 1
b 254 242 0
b 254 243 0
b 254 244 0
b 254 245 0
b 254 246 0
b 254 247 0
b 254 248 0
b 254 249 4
b 254 250 1
b 254 251 16
b 254 252 18
b 254 253 18
b 255 236 18
b 255 237 18
b 255 238 16
b 255 239 16
b 255 240 4
b 255 241 1
b 255 242 0
f 255 242 8
b 255 243 0
b 255 244 0
f 255 244 11
b 255 245 0
b 255 246 0
f 255 246 10
b 255 247 0
b 255 248 0
f 255 248 7
b 255 249 4
b 255 250 1
b 255 251 14
b 255 252 18
b 255 253 18
b 256 236 18
b 256 237 18
b 256 238 15
b 256 239 16
b 256 240 4
b 256 241 1
b 256 242 0
f 256 242 8
b 256 243 0
b 256 244 0
f 256 244 9
b 256 245 0
b 256 246 0
f 256 246 9
b 256 247 0
b 256 248 0
f 256 248 8
b 256 249 4
b 256 250 1
b 256 251 16
b 256 252 18
b 256 253 18
b 257 236 18
b 257 237 18
b 257 238 16
b 257 239 13
b 257 240 4
b 257 241 1
b 257 242 1
b 257 243 1
b 257 244 1
b 257 245 1
b 257 246 1
b 257 247 1
b 257 248 1
b 257 249 1
b 257 250 1
b 257 251 16
b 257 252 18
b 257 253 18
b 258 236 18
b 258 237 18
b 258 238 13
b 258 239 13
b 258 240 16
b 258 241 15
b 258 242 14
b 258 243 14
b 258 244 16
b 258 245 16
b 258 246 16
b 258 247 16
b 258 248 16
b 258 249 15
b 258 250 15
b 258 251 16
b 258 252 18
b 258 253 18
b 259 236 18
b 259 237 18
b 259 238 16
b 259 239 12
b 259 240 12
b 259 241 12
b 259 242 12
b 259 243 16
b 259 244 13
b 259 245 16
b 259 246 14
b 259 247 13
b 259 248 16
b 259 249 15
b 259 250 16
b 259 251 14
b 259 252 18
b 259 253 18
b 260 236 18
b 260 237 18
b 260 238 18
b 260 239 18
b 260 240 18
b 260 241 18
b 260 242 18
b 260 243 18
b 260 244 18
b 260 245 18
b 260 246 18
b 260 247 18
b 260 248 18
b 260 249 18
b 260 250 18
b 260 251 18
b 260 252 18
b 260 253 18
b 261 236 18
b 261 237 18
b 261 238 18
b 261 239 18
b 261 240 18
b 261 241 18
b 261 242 18
b 261 243 18
b 261 244 18
b 261 245 18
b 261 246 18
b 261 247 18
b 261 248 18
b 261 249 18
b 261 250 18
b 261 251 18
b 261 252 18
b 261 253 18
