b 47 47 1
b 47 48 1
b 47 49 1
b 47 50 0
b 47 51 1
b 47 52 1
b 47 53 1
b 47 54 1
b 48 47 1
b 48 48 0
b 48 49 0
b 48 50 0
b 48 51 0
b 48 52 6
b 48 53 5
b 48 54 1
b 49 47 1
b 49 48 0
b 49 49 0
b 49 50 0
b 49 51 0
b 49 52 6
b 49 53 5
b 49 54 1
b 50 47 1
b 50 48 0
b 50 49 0
b 50 51 0
b 50 52 6
b 50 53 5
b 50 54 1
b 51 47 1
b 51 48 0
b 51 49 0
b 51 50 0
b 51 51 0
b 51 52 6
b 51 53 5
b 51 54 1
b 52 47 1
b 52 48 0
b 52 49 0
b 52 50 0
b 52 51 0
b 52 52 6
b 52 53 5
b 52 54 1
b 53 47 1
b 53 48 1
b 53 49 1
b 53 50 0
b 53 51 1
b 53 52 1
b 53 53 1
b 53 54 1
