b 246 240 4
b 246 241 1
b 246 242 1
b 246 243 1
b 246 244 1
b 246 245 1
b 246 246 1
b 246 247 1
b 246 248 1
b 246 249 1
b 246 250 1
b 247 240 4
b 247 241 1
b 247 242 0
b 247 243 0
b 247 244 0
b 247 245 0
b 247 246 0
b 247 247 0
b 247 248 2
b 247 249 3
b 247 250 1
b 248 240 4
b 248 241 1
b 248 242 0
b 248 243 0
b 248 244 0
b 248 245 0
b 248 246 0
b 248 247 0
b 248 248 2
b 248 249 3
b 248 250 1
b 249 240 4
b 249 241 1
b 249 242 0
b 249 243 0
b 249 244 0
b 249 245 0
b 249 246 0
b 249 247 0
b 249 248 2
b 249 249 3
b 249 250 1
b 250 240 4
b 250 241 1
b 250 242 0
b 250 243 0
b 250 244 0
b 250 245 0
b 250 246 0
b 250 247 0
b 250 248 2
b 250 249 3
b 250 250 1
b 251 240 4
b 251 241 1
b 251 242 0
b 251 243 0
b 251 244 0
b 251 245 0
b 251 246 0
b 251 247 0
b 251 248 4
b 251 249 3
b 251 250 1
b 252 240 4
b 252 241 1
b 252 242 0
b 252 243 0
b 252 244 0
b 252 245 0
b 252 246 0
b 252 247 0
b 252 248 4
b 252 249 3
b 252 250 1
b 253 240 4
b 253 241 1
b 253 242 0
b 253 243 0
b 253 244 0
b 253 245 0
b 253 246 0
b 253 247 0
b 253 248 4
b 253 249 3
b 253 250 1
b 254 240 4
b 254 241 1
b 254 242 0
b 254 243 0
b 254 244 0
b 254 245 0
b 254 246 0
b 254 247 0
b 254 248 4
b 254 249 3
b 254 250 1
b 255 240 4
b 255 241 1
b 255 242 0
b 255 243 0
b 255 244 0
b 255 245 0
b 255 246 0
b 255 247 0
b 255 248 4
b 255 249 3
b 255 250 1
b 256 240 4
b 256 241 1
b 256 242 0
b 256 243 0
b 256 244 0
b 256 245 0
b 256 246 0
b 256 247 0
b 256 248 4
b 256 249 3
b 256 250 1
b 257 240 4
b 257 241 1
b 257 242 1
b 257 243 1
b 257 244 1
b 257 245 1
b 257 246 1
b 257 247 1
b 257 248 1
b 257 249 1
b 257 250 1
